(kicad_pcb (version 20171130) (host pcbnew 5.1.9-73d0e3b20d~88~ubuntu18.04.1)

  (general
    (thickness 1.6)
    (drawings 6)
    (tracks 192)
    (zones 0)
    (modules 34)
    (nets 28)
  )

  (page A4)
  (layers
    (0 F.Cu signal hide)
    (31 B.Cu signal)
    (32 B.Adhes user)
    (33 F.Adhes user)
    (34 B.Paste user)
    (35 F.Paste user)
    (36 B.SilkS user)
    (37 F.SilkS user)
    (38 B.Mask user)
    (39 F.Mask user)
    (40 Dwgs.User user)
    (41 Cmts.User user)
    (42 Eco1.User user)
    (43 Eco2.User user)
    (44 Edge.Cuts user)
    (45 Margin user)
    (46 B.CrtYd user)
    (47 F.CrtYd user)
    (48 B.Fab user)
    (49 F.Fab user)
  )

  (setup
    (last_trace_width 1.5)
    (user_trace_width 0.3)
    (user_trace_width 0.4)
    (user_trace_width 0.45)
    (user_trace_width 0.5)
    (user_trace_width 1)
    (user_trace_width 1.1)
    (user_trace_width 1.5)
    (user_trace_width 2)
    (trace_clearance 0.2)
    (zone_clearance 0.508)
    (zone_45_only no)
    (trace_min 0.2)
    (via_size 0.8)
    (via_drill 0.4)
    (via_min_size 0.4)
    (via_min_drill 0.3)
    (uvia_size 0.3)
    (uvia_drill 0.1)
    (uvias_allowed no)
    (uvia_min_size 0.2)
    (uvia_min_drill 0.1)
    (edge_width 0.05)
    (segment_width 0.2)
    (pcb_text_width 0.3)
    (pcb_text_size 1.5 1.5)
    (mod_edge_width 0.12)
    (mod_text_size 1 1)
    (mod_text_width 0.15)
    (pad_size 1.524 1.524)
    (pad_drill 0.762)
    (pad_to_mask_clearance 0)
    (aux_axis_origin 0 0)
    (visible_elements FFFFFFFF)
    (pcbplotparams
      (layerselection 0x010fc_ffffffff)
      (usegerberextensions false)
      (usegerberattributes true)
      (usegerberadvancedattributes true)
      (creategerberjobfile true)
      (excludeedgelayer true)
      (linewidth 0.100000)
      (plotframeref false)
      (viasonmask false)
      (mode 1)
      (useauxorigin false)
      (hpglpennumber 1)
      (hpglpenspeed 20)
      (hpglpendiameter 15.000000)
      (psnegative false)
      (psa4output false)
      (plotreference true)
      (plotvalue true)
      (plotinvisibletext false)
      (padsonsilk false)
      (subtractmaskfromsilk false)
      (outputformat 1)
      (mirror false)
      (drillshape 1)
      (scaleselection 1)
      (outputdirectory ""))
  )

  (net 0 "")
  (net 1 GND)
  (net 2 "Net-(C1-Pad2)")
  (net 3 "Net-(C2-Pad2)")
  (net 4 "Net-(C3-Pad2)")
  (net 5 +3V3)
  (net 6 +5V)
  (net 7 "Net-(D1-Pad2)")
  (net 8 BOOT1)
  (net 9 SWCLK)
  (net 10 SWDIO)
  (net 11 nrf24_CSN)
  (net 12 SPI1_MOSI)
  (net 13 nrf24_IRQ)
  (net 14 SPI1_MISO)
  (net 15 SPI1_SCK)
  (net 16 nrf24_CE)
  (net 17 USART1_TX)
  (net 18 USART1_RX)
  (net 19 USB_DM)
  (net 20 USB_DP)
  (net 21 "Net-(R4-Pad2)")
  (net 22 "Net-(J6-Pad4)")
  (net 23 "Net-(R1-Pad1)")
  (net 24 "Net-(R2-Pad1)")
  (net 25 "Net-(R3-Pad2)")
  (net 26 USART3_TX)
  (net 27 USART3_RX)

  (net_class Default "This is the default net class."
    (clearance 0.2)
    (trace_width 0.25)
    (via_dia 0.8)
    (via_drill 0.4)
    (uvia_dia 0.3)
    (uvia_drill 0.1)
    (add_net +3V3)
    (add_net +5V)
    (add_net BOOT1)
    (add_net GND)
    (add_net "Net-(C1-Pad2)")
    (add_net "Net-(C2-Pad2)")
    (add_net "Net-(C3-Pad2)")
    (add_net "Net-(D1-Pad2)")
    (add_net "Net-(J6-Pad4)")
    (add_net "Net-(R1-Pad1)")
    (add_net "Net-(R2-Pad1)")
    (add_net "Net-(R3-Pad2)")
    (add_net "Net-(R4-Pad2)")
    (add_net SPI1_MISO)
    (add_net SPI1_MOSI)
    (add_net SPI1_SCK)
    (add_net SWCLK)
    (add_net SWDIO)
    (add_net USART1_RX)
    (add_net USART1_TX)
    (add_net USART3_RX)
    (add_net USART3_TX)
    (add_net USB_DM)
    (add_net USB_DP)
    (add_net nrf24_CE)
    (add_net nrf24_CSN)
    (add_net nrf24_IRQ)
  )

  (module Capacitor_SMD:C_0805_2012Metric_Pad1.18x1.45mm_HandSolder (layer F.Cu) (tedit 5F68FEEF) (tstamp 5FE60738)
    (at 173.228 87.376 270)
    (descr "Capacitor SMD 0805 (2012 Metric), square (rectangular) end terminal, IPC_7351 nominal with elongated pad for handsoldering. (Body size source: IPC-SM-782 page 76, https://www.pcb-3d.com/wordpress/wp-content/uploads/ipc-sm-782a_amendment_1_and_2.pdf, https://docs.google.com/spreadsheets/d/1BsfQQcO9C6DZCsRaXUlFlo91Tg2WpOkGARC1WS5S8t0/edit?usp=sharing), generated with kicad-footprint-generator")
    (tags "capacitor handsolder")
    (path /5FED6531)
    (attr smd)
    (fp_text reference C1 (at 0 -1.68 90) (layer F.SilkS)
      (effects (font (size 1 1) (thickness 0.15)))
    )
    (fp_text value 20p (at 0 1.68 90) (layer F.Fab)
      (effects (font (size 1 1) (thickness 0.15)))
    )
    (fp_line (start 1.88 0.98) (end -1.88 0.98) (layer F.CrtYd) (width 0.05))
    (fp_line (start 1.88 -0.98) (end 1.88 0.98) (layer F.CrtYd) (width 0.05))
    (fp_line (start -1.88 -0.98) (end 1.88 -0.98) (layer F.CrtYd) (width 0.05))
    (fp_line (start -1.88 0.98) (end -1.88 -0.98) (layer F.CrtYd) (width 0.05))
    (fp_line (start -0.261252 0.735) (end 0.261252 0.735) (layer F.SilkS) (width 0.12))
    (fp_line (start -0.261252 -0.735) (end 0.261252 -0.735) (layer F.SilkS) (width 0.12))
    (fp_line (start 1 0.625) (end -1 0.625) (layer F.Fab) (width 0.1))
    (fp_line (start 1 -0.625) (end 1 0.625) (layer F.Fab) (width 0.1))
    (fp_line (start -1 -0.625) (end 1 -0.625) (layer F.Fab) (width 0.1))
    (fp_line (start -1 0.625) (end -1 -0.625) (layer F.Fab) (width 0.1))
    (fp_text user %R (at 0 0 90) (layer F.Fab)
      (effects (font (size 0.5 0.5) (thickness 0.08)))
    )
    (pad 1 smd roundrect (at -1.0375 0 270) (size 1.175 1.45) (layers F.Cu F.Paste F.Mask) (roundrect_rratio 0.212766)
      (net 1 GND))
    (pad 2 smd roundrect (at 1.0375 0 270) (size 1.175 1.45) (layers F.Cu F.Paste F.Mask) (roundrect_rratio 0.212766)
      (net 2 "Net-(C1-Pad2)"))
    (model ${KISYS3DMOD}/Capacitor_SMD.3dshapes/C_0805_2012Metric.wrl
      (at (xyz 0 0 0))
      (scale (xyz 1 1 1))
      (rotate (xyz 0 0 0))
    )
  )

  (module Capacitor_SMD:C_0805_2012Metric_Pad1.18x1.45mm_HandSolder (layer F.Cu) (tedit 5F68FEEF) (tstamp 5FE59582)
    (at 173.228 92.456 90)
    (descr "Capacitor SMD 0805 (2012 Metric), square (rectangular) end terminal, IPC_7351 nominal with elongated pad for handsoldering. (Body size source: IPC-SM-782 page 76, https://www.pcb-3d.com/wordpress/wp-content/uploads/ipc-sm-782a_amendment_1_and_2.pdf, https://docs.google.com/spreadsheets/d/1BsfQQcO9C6DZCsRaXUlFlo91Tg2WpOkGARC1WS5S8t0/edit?usp=sharing), generated with kicad-footprint-generator")
    (tags "capacitor handsolder")
    (path /5FED6D7A)
    (attr smd)
    (fp_text reference C2 (at 0 -1.68 90) (layer F.SilkS)
      (effects (font (size 1 1) (thickness 0.15)))
    )
    (fp_text value 20p (at 0 1.68 90) (layer F.Fab)
      (effects (font (size 1 1) (thickness 0.15)))
    )
    (fp_line (start -1 0.625) (end -1 -0.625) (layer F.Fab) (width 0.1))
    (fp_line (start -1 -0.625) (end 1 -0.625) (layer F.Fab) (width 0.1))
    (fp_line (start 1 -0.625) (end 1 0.625) (layer F.Fab) (width 0.1))
    (fp_line (start 1 0.625) (end -1 0.625) (layer F.Fab) (width 0.1))
    (fp_line (start -0.261252 -0.735) (end 0.261252 -0.735) (layer F.SilkS) (width 0.12))
    (fp_line (start -0.261252 0.735) (end 0.261252 0.735) (layer F.SilkS) (width 0.12))
    (fp_line (start -1.88 0.98) (end -1.88 -0.98) (layer F.CrtYd) (width 0.05))
    (fp_line (start -1.88 -0.98) (end 1.88 -0.98) (layer F.CrtYd) (width 0.05))
    (fp_line (start 1.88 -0.98) (end 1.88 0.98) (layer F.CrtYd) (width 0.05))
    (fp_line (start 1.88 0.98) (end -1.88 0.98) (layer F.CrtYd) (width 0.05))
    (fp_text user %R (at 0 0 90) (layer F.Fab)
      (effects (font (size 0.5 0.5) (thickness 0.08)))
    )
    (pad 2 smd roundrect (at 1.0375 0 90) (size 1.175 1.45) (layers F.Cu F.Paste F.Mask) (roundrect_rratio 0.212766)
      (net 3 "Net-(C2-Pad2)"))
    (pad 1 smd roundrect (at -1.0375 0 90) (size 1.175 1.45) (layers F.Cu F.Paste F.Mask) (roundrect_rratio 0.212766)
      (net 1 GND))
    (model ${KISYS3DMOD}/Capacitor_SMD.3dshapes/C_0805_2012Metric.wrl
      (at (xyz 0 0 0))
      (scale (xyz 1 1 1))
      (rotate (xyz 0 0 0))
    )
  )

  (module Capacitor_SMD:C_0805_2012Metric_Pad1.18x1.45mm_HandSolder (layer F.Cu) (tedit 5F68FEEF) (tstamp 5FE60AC6)
    (at 177.292 95.4825 90)
    (descr "Capacitor SMD 0805 (2012 Metric), square (rectangular) end terminal, IPC_7351 nominal with elongated pad for handsoldering. (Body size source: IPC-SM-782 page 76, https://www.pcb-3d.com/wordpress/wp-content/uploads/ipc-sm-782a_amendment_1_and_2.pdf, https://docs.google.com/spreadsheets/d/1BsfQQcO9C6DZCsRaXUlFlo91Tg2WpOkGARC1WS5S8t0/edit?usp=sharing), generated with kicad-footprint-generator")
    (tags "capacitor handsolder")
    (path /5FE3A306)
    (attr smd)
    (fp_text reference C3 (at 0 -1.68 90) (layer F.SilkS)
      (effects (font (size 1 1) (thickness 0.15)))
    )
    (fp_text value 100n (at 0 1.68 90) (layer F.Fab)
      (effects (font (size 1 1) (thickness 0.15)))
    )
    (fp_line (start 1.88 0.98) (end -1.88 0.98) (layer F.CrtYd) (width 0.05))
    (fp_line (start 1.88 -0.98) (end 1.88 0.98) (layer F.CrtYd) (width 0.05))
    (fp_line (start -1.88 -0.98) (end 1.88 -0.98) (layer F.CrtYd) (width 0.05))
    (fp_line (start -1.88 0.98) (end -1.88 -0.98) (layer F.CrtYd) (width 0.05))
    (fp_line (start -0.261252 0.735) (end 0.261252 0.735) (layer F.SilkS) (width 0.12))
    (fp_line (start -0.261252 -0.735) (end 0.261252 -0.735) (layer F.SilkS) (width 0.12))
    (fp_line (start 1 0.625) (end -1 0.625) (layer F.Fab) (width 0.1))
    (fp_line (start 1 -0.625) (end 1 0.625) (layer F.Fab) (width 0.1))
    (fp_line (start -1 -0.625) (end 1 -0.625) (layer F.Fab) (width 0.1))
    (fp_line (start -1 0.625) (end -1 -0.625) (layer F.Fab) (width 0.1))
    (fp_text user %R (at 0 0 90) (layer F.Fab)
      (effects (font (size 0.5 0.5) (thickness 0.08)))
    )
    (pad 1 smd roundrect (at -1.0375 0 90) (size 1.175 1.45) (layers F.Cu F.Paste F.Mask) (roundrect_rratio 0.212766)
      (net 1 GND))
    (pad 2 smd roundrect (at 1.0375 0 90) (size 1.175 1.45) (layers F.Cu F.Paste F.Mask) (roundrect_rratio 0.212766)
      (net 4 "Net-(C3-Pad2)"))
    (model ${KISYS3DMOD}/Capacitor_SMD.3dshapes/C_0805_2012Metric.wrl
      (at (xyz 0 0 0))
      (scale (xyz 1 1 1))
      (rotate (xyz 0 0 0))
    )
  )

  (module Capacitor_SMD:C_0805_2012Metric_Pad1.18x1.45mm_HandSolder (layer F.Cu) (tedit 5F68FEEF) (tstamp 5FE595A4)
    (at 177.8 85.852)
    (descr "Capacitor SMD 0805 (2012 Metric), square (rectangular) end terminal, IPC_7351 nominal with elongated pad for handsoldering. (Body size source: IPC-SM-782 page 76, https://www.pcb-3d.com/wordpress/wp-content/uploads/ipc-sm-782a_amendment_1_and_2.pdf, https://docs.google.com/spreadsheets/d/1BsfQQcO9C6DZCsRaXUlFlo91Tg2WpOkGARC1WS5S8t0/edit?usp=sharing), generated with kicad-footprint-generator")
    (tags "capacitor handsolder")
    (path /5FE4BB95)
    (attr smd)
    (fp_text reference C4 (at 0 -1.68) (layer F.SilkS)
      (effects (font (size 1 1) (thickness 0.15)))
    )
    (fp_text value 100n (at 0 1.68) (layer F.Fab)
      (effects (font (size 1 1) (thickness 0.15)))
    )
    (fp_line (start 1.88 0.98) (end -1.88 0.98) (layer F.CrtYd) (width 0.05))
    (fp_line (start 1.88 -0.98) (end 1.88 0.98) (layer F.CrtYd) (width 0.05))
    (fp_line (start -1.88 -0.98) (end 1.88 -0.98) (layer F.CrtYd) (width 0.05))
    (fp_line (start -1.88 0.98) (end -1.88 -0.98) (layer F.CrtYd) (width 0.05))
    (fp_line (start -0.261252 0.735) (end 0.261252 0.735) (layer F.SilkS) (width 0.12))
    (fp_line (start -0.261252 -0.735) (end 0.261252 -0.735) (layer F.SilkS) (width 0.12))
    (fp_line (start 1 0.625) (end -1 0.625) (layer F.Fab) (width 0.1))
    (fp_line (start 1 -0.625) (end 1 0.625) (layer F.Fab) (width 0.1))
    (fp_line (start -1 -0.625) (end 1 -0.625) (layer F.Fab) (width 0.1))
    (fp_line (start -1 0.625) (end -1 -0.625) (layer F.Fab) (width 0.1))
    (fp_text user %R (at 0 0) (layer F.Fab)
      (effects (font (size 0.5 0.5) (thickness 0.08)))
    )
    (pad 1 smd roundrect (at -1.0375 0) (size 1.175 1.45) (layers F.Cu F.Paste F.Mask) (roundrect_rratio 0.212766)
      (net 1 GND))
    (pad 2 smd roundrect (at 1.0375 0) (size 1.175 1.45) (layers F.Cu F.Paste F.Mask) (roundrect_rratio 0.212766)
      (net 5 +3V3))
    (model ${KISYS3DMOD}/Capacitor_SMD.3dshapes/C_0805_2012Metric.wrl
      (at (xyz 0 0 0))
      (scale (xyz 1 1 1))
      (rotate (xyz 0 0 0))
    )
  )

  (module Capacitor_SMD:C_0805_2012Metric_Pad1.18x1.45mm_HandSolder (layer F.Cu) (tedit 5F68FEEF) (tstamp 5FE6206D)
    (at 186.436 104.1185 90)
    (descr "Capacitor SMD 0805 (2012 Metric), square (rectangular) end terminal, IPC_7351 nominal with elongated pad for handsoldering. (Body size source: IPC-SM-782 page 76, https://www.pcb-3d.com/wordpress/wp-content/uploads/ipc-sm-782a_amendment_1_and_2.pdf, https://docs.google.com/spreadsheets/d/1BsfQQcO9C6DZCsRaXUlFlo91Tg2WpOkGARC1WS5S8t0/edit?usp=sharing), generated with kicad-footprint-generator")
    (tags "capacitor handsolder")
    (path /5FE4D1DF)
    (attr smd)
    (fp_text reference C5 (at 0 -1.68 90) (layer F.SilkS)
      (effects (font (size 1 1) (thickness 0.15)))
    )
    (fp_text value 100n (at 0 1.68 90) (layer F.Fab)
      (effects (font (size 1 1) (thickness 0.15)))
    )
    (fp_line (start 1.88 0.98) (end -1.88 0.98) (layer F.CrtYd) (width 0.05))
    (fp_line (start 1.88 -0.98) (end 1.88 0.98) (layer F.CrtYd) (width 0.05))
    (fp_line (start -1.88 -0.98) (end 1.88 -0.98) (layer F.CrtYd) (width 0.05))
    (fp_line (start -1.88 0.98) (end -1.88 -0.98) (layer F.CrtYd) (width 0.05))
    (fp_line (start -0.261252 0.735) (end 0.261252 0.735) (layer F.SilkS) (width 0.12))
    (fp_line (start -0.261252 -0.735) (end 0.261252 -0.735) (layer F.SilkS) (width 0.12))
    (fp_line (start 1 0.625) (end -1 0.625) (layer F.Fab) (width 0.1))
    (fp_line (start 1 -0.625) (end 1 0.625) (layer F.Fab) (width 0.1))
    (fp_line (start -1 -0.625) (end 1 -0.625) (layer F.Fab) (width 0.1))
    (fp_line (start -1 0.625) (end -1 -0.625) (layer F.Fab) (width 0.1))
    (fp_text user %R (at 0 0 90) (layer F.Fab)
      (effects (font (size 0.5 0.5) (thickness 0.08)))
    )
    (pad 1 smd roundrect (at -1.0375 0 90) (size 1.175 1.45) (layers F.Cu F.Paste F.Mask) (roundrect_rratio 0.212766)
      (net 1 GND))
    (pad 2 smd roundrect (at 1.0375 0 90) (size 1.175 1.45) (layers F.Cu F.Paste F.Mask) (roundrect_rratio 0.212766)
      (net 5 +3V3))
    (model ${KISYS3DMOD}/Capacitor_SMD.3dshapes/C_0805_2012Metric.wrl
      (at (xyz 0 0 0))
      (scale (xyz 1 1 1))
      (rotate (xyz 0 0 0))
    )
  )

  (module Capacitor_SMD:C_0805_2012Metric_Pad1.18x1.45mm_HandSolder (layer F.Cu) (tedit 5F68FEEF) (tstamp 5FE595C6)
    (at 194.564 99.5465 90)
    (descr "Capacitor SMD 0805 (2012 Metric), square (rectangular) end terminal, IPC_7351 nominal with elongated pad for handsoldering. (Body size source: IPC-SM-782 page 76, https://www.pcb-3d.com/wordpress/wp-content/uploads/ipc-sm-782a_amendment_1_and_2.pdf, https://docs.google.com/spreadsheets/d/1BsfQQcO9C6DZCsRaXUlFlo91Tg2WpOkGARC1WS5S8t0/edit?usp=sharing), generated with kicad-footprint-generator")
    (tags "capacitor handsolder")
    (path /5FE4DB2A)
    (attr smd)
    (fp_text reference C6 (at 0 -1.68 90) (layer F.SilkS)
      (effects (font (size 1 1) (thickness 0.15)))
    )
    (fp_text value 100n (at 0 1.68 90) (layer F.Fab)
      (effects (font (size 1 1) (thickness 0.15)))
    )
    (fp_line (start 1.88 0.98) (end -1.88 0.98) (layer F.CrtYd) (width 0.05))
    (fp_line (start 1.88 -0.98) (end 1.88 0.98) (layer F.CrtYd) (width 0.05))
    (fp_line (start -1.88 -0.98) (end 1.88 -0.98) (layer F.CrtYd) (width 0.05))
    (fp_line (start -1.88 0.98) (end -1.88 -0.98) (layer F.CrtYd) (width 0.05))
    (fp_line (start -0.261252 0.735) (end 0.261252 0.735) (layer F.SilkS) (width 0.12))
    (fp_line (start -0.261252 -0.735) (end 0.261252 -0.735) (layer F.SilkS) (width 0.12))
    (fp_line (start 1 0.625) (end -1 0.625) (layer F.Fab) (width 0.1))
    (fp_line (start 1 -0.625) (end 1 0.625) (layer F.Fab) (width 0.1))
    (fp_line (start -1 -0.625) (end 1 -0.625) (layer F.Fab) (width 0.1))
    (fp_line (start -1 0.625) (end -1 -0.625) (layer F.Fab) (width 0.1))
    (fp_text user %R (at 0 0 90) (layer F.Fab)
      (effects (font (size 0.5 0.5) (thickness 0.08)))
    )
    (pad 1 smd roundrect (at -1.0375 0 90) (size 1.175 1.45) (layers F.Cu F.Paste F.Mask) (roundrect_rratio 0.212766)
      (net 1 GND))
    (pad 2 smd roundrect (at 1.0375 0 90) (size 1.175 1.45) (layers F.Cu F.Paste F.Mask) (roundrect_rratio 0.212766)
      (net 5 +3V3))
    (model ${KISYS3DMOD}/Capacitor_SMD.3dshapes/C_0805_2012Metric.wrl
      (at (xyz 0 0 0))
      (scale (xyz 1 1 1))
      (rotate (xyz 0 0 0))
    )
  )

  (module Capacitor_SMD:C_0805_2012Metric_Pad1.18x1.45mm_HandSolder (layer F.Cu) (tedit 5F68FEEF) (tstamp 5FE595D7)
    (at 200.66 85.344 180)
    (descr "Capacitor SMD 0805 (2012 Metric), square (rectangular) end terminal, IPC_7351 nominal with elongated pad for handsoldering. (Body size source: IPC-SM-782 page 76, https://www.pcb-3d.com/wordpress/wp-content/uploads/ipc-sm-782a_amendment_1_and_2.pdf, https://docs.google.com/spreadsheets/d/1BsfQQcO9C6DZCsRaXUlFlo91Tg2WpOkGARC1WS5S8t0/edit?usp=sharing), generated with kicad-footprint-generator")
    (tags "capacitor handsolder")
    (path /5FE4DF30)
    (attr smd)
    (fp_text reference C7 (at 0 -1.68) (layer F.SilkS)
      (effects (font (size 1 1) (thickness 0.15)))
    )
    (fp_text value 100n (at 0 1.68) (layer F.Fab)
      (effects (font (size 1 1) (thickness 0.15)))
    )
    (fp_line (start -1 0.625) (end -1 -0.625) (layer F.Fab) (width 0.1))
    (fp_line (start -1 -0.625) (end 1 -0.625) (layer F.Fab) (width 0.1))
    (fp_line (start 1 -0.625) (end 1 0.625) (layer F.Fab) (width 0.1))
    (fp_line (start 1 0.625) (end -1 0.625) (layer F.Fab) (width 0.1))
    (fp_line (start -0.261252 -0.735) (end 0.261252 -0.735) (layer F.SilkS) (width 0.12))
    (fp_line (start -0.261252 0.735) (end 0.261252 0.735) (layer F.SilkS) (width 0.12))
    (fp_line (start -1.88 0.98) (end -1.88 -0.98) (layer F.CrtYd) (width 0.05))
    (fp_line (start -1.88 -0.98) (end 1.88 -0.98) (layer F.CrtYd) (width 0.05))
    (fp_line (start 1.88 -0.98) (end 1.88 0.98) (layer F.CrtYd) (width 0.05))
    (fp_line (start 1.88 0.98) (end -1.88 0.98) (layer F.CrtYd) (width 0.05))
    (fp_text user %R (at 0 0) (layer F.Fab)
      (effects (font (size 0.5 0.5) (thickness 0.08)))
    )
    (pad 2 smd roundrect (at 1.0375 0 180) (size 1.175 1.45) (layers F.Cu F.Paste F.Mask) (roundrect_rratio 0.212766)
      (net 5 +3V3))
    (pad 1 smd roundrect (at -1.0375 0 180) (size 1.175 1.45) (layers F.Cu F.Paste F.Mask) (roundrect_rratio 0.212766)
      (net 1 GND))
    (model ${KISYS3DMOD}/Capacitor_SMD.3dshapes/C_0805_2012Metric.wrl
      (at (xyz 0 0 0))
      (scale (xyz 1 1 1))
      (rotate (xyz 0 0 0))
    )
  )

  (module Capacitor_SMD:C_0805_2012Metric_Pad1.18x1.45mm_HandSolder (layer F.Cu) (tedit 5F68FEEF) (tstamp 5FE5BE6E)
    (at 180.34 95.504 270)
    (descr "Capacitor SMD 0805 (2012 Metric), square (rectangular) end terminal, IPC_7351 nominal with elongated pad for handsoldering. (Body size source: IPC-SM-782 page 76, https://www.pcb-3d.com/wordpress/wp-content/uploads/ipc-sm-782a_amendment_1_and_2.pdf, https://docs.google.com/spreadsheets/d/1BsfQQcO9C6DZCsRaXUlFlo91Tg2WpOkGARC1WS5S8t0/edit?usp=sharing), generated with kicad-footprint-generator")
    (tags "capacitor handsolder")
    (path /5FE61BB9)
    (attr smd)
    (fp_text reference C8 (at 0 -1.68 90) (layer F.SilkS)
      (effects (font (size 1 1) (thickness 0.15)))
    )
    (fp_text value 10n (at 0 1.68 90) (layer F.Fab)
      (effects (font (size 1 1) (thickness 0.15)))
    )
    (fp_line (start -1 0.625) (end -1 -0.625) (layer F.Fab) (width 0.1))
    (fp_line (start -1 -0.625) (end 1 -0.625) (layer F.Fab) (width 0.1))
    (fp_line (start 1 -0.625) (end 1 0.625) (layer F.Fab) (width 0.1))
    (fp_line (start 1 0.625) (end -1 0.625) (layer F.Fab) (width 0.1))
    (fp_line (start -0.261252 -0.735) (end 0.261252 -0.735) (layer F.SilkS) (width 0.12))
    (fp_line (start -0.261252 0.735) (end 0.261252 0.735) (layer F.SilkS) (width 0.12))
    (fp_line (start -1.88 0.98) (end -1.88 -0.98) (layer F.CrtYd) (width 0.05))
    (fp_line (start -1.88 -0.98) (end 1.88 -0.98) (layer F.CrtYd) (width 0.05))
    (fp_line (start 1.88 -0.98) (end 1.88 0.98) (layer F.CrtYd) (width 0.05))
    (fp_line (start 1.88 0.98) (end -1.88 0.98) (layer F.CrtYd) (width 0.05))
    (fp_text user %R (at 0 0 90) (layer F.Fab)
      (effects (font (size 0.5 0.5) (thickness 0.08)))
    )
    (pad 2 smd roundrect (at 1.0375 0 270) (size 1.175 1.45) (layers F.Cu F.Paste F.Mask) (roundrect_rratio 0.212766)
      (net 1 GND))
    (pad 1 smd roundrect (at -1.0375 0 270) (size 1.175 1.45) (layers F.Cu F.Paste F.Mask) (roundrect_rratio 0.212766)
      (net 5 +3V3))
    (model ${KISYS3DMOD}/Capacitor_SMD.3dshapes/C_0805_2012Metric.wrl
      (at (xyz 0 0 0))
      (scale (xyz 1 1 1))
      (rotate (xyz 0 0 0))
    )
  )

  (module Capacitor_SMD:C_0805_2012Metric_Pad1.18x1.45mm_HandSolder (layer F.Cu) (tedit 5F68FEEF) (tstamp 5FE5BCDD)
    (at 185.928 79.2265 270)
    (descr "Capacitor SMD 0805 (2012 Metric), square (rectangular) end terminal, IPC_7351 nominal with elongated pad for handsoldering. (Body size source: IPC-SM-782 page 76, https://www.pcb-3d.com/wordpress/wp-content/uploads/ipc-sm-782a_amendment_1_and_2.pdf, https://docs.google.com/spreadsheets/d/1BsfQQcO9C6DZCsRaXUlFlo91Tg2WpOkGARC1WS5S8t0/edit?usp=sharing), generated with kicad-footprint-generator")
    (tags "capacitor handsolder")
    (path /5FE4E36B)
    (attr smd)
    (fp_text reference C9 (at 0 -1.68 90) (layer F.SilkS)
      (effects (font (size 1 1) (thickness 0.15)))
    )
    (fp_text value 100n (at 0 1.68 90) (layer F.Fab)
      (effects (font (size 1 1) (thickness 0.15)))
    )
    (fp_line (start -1 0.625) (end -1 -0.625) (layer F.Fab) (width 0.1))
    (fp_line (start -1 -0.625) (end 1 -0.625) (layer F.Fab) (width 0.1))
    (fp_line (start 1 -0.625) (end 1 0.625) (layer F.Fab) (width 0.1))
    (fp_line (start 1 0.625) (end -1 0.625) (layer F.Fab) (width 0.1))
    (fp_line (start -0.261252 -0.735) (end 0.261252 -0.735) (layer F.SilkS) (width 0.12))
    (fp_line (start -0.261252 0.735) (end 0.261252 0.735) (layer F.SilkS) (width 0.12))
    (fp_line (start -1.88 0.98) (end -1.88 -0.98) (layer F.CrtYd) (width 0.05))
    (fp_line (start -1.88 -0.98) (end 1.88 -0.98) (layer F.CrtYd) (width 0.05))
    (fp_line (start 1.88 -0.98) (end 1.88 0.98) (layer F.CrtYd) (width 0.05))
    (fp_line (start 1.88 0.98) (end -1.88 0.98) (layer F.CrtYd) (width 0.05))
    (fp_text user %R (at 0 0 90) (layer F.Fab)
      (effects (font (size 0.5 0.5) (thickness 0.08)))
    )
    (pad 2 smd roundrect (at 1.0375 0 270) (size 1.175 1.45) (layers F.Cu F.Paste F.Mask) (roundrect_rratio 0.212766)
      (net 5 +3V3))
    (pad 1 smd roundrect (at -1.0375 0 270) (size 1.175 1.45) (layers F.Cu F.Paste F.Mask) (roundrect_rratio 0.212766)
      (net 1 GND))
    (model ${KISYS3DMOD}/Capacitor_SMD.3dshapes/C_0805_2012Metric.wrl
      (at (xyz 0 0 0))
      (scale (xyz 1 1 1))
      (rotate (xyz 0 0 0))
    )
  )

  (module Capacitor_THT:CP_Radial_D8.0mm_P5.00mm (layer F.Cu) (tedit 5AE50EF0) (tstamp 5FE5F2EC)
    (at 164.084 108.204 270)
    (descr "CP, Radial series, Radial, pin pitch=5.00mm, , diameter=8mm, Electrolytic Capacitor")
    (tags "CP Radial series Radial pin pitch 5.00mm  diameter 8mm Electrolytic Capacitor")
    (path /5FE62284)
    (fp_text reference C10 (at 2.5 -5.25 90) (layer F.SilkS)
      (effects (font (size 1 1) (thickness 0.15)))
    )
    (fp_text value 1u (at 2.5 5.25 90) (layer F.Fab)
      (effects (font (size 1 1) (thickness 0.15)))
    )
    (fp_circle (center 2.5 0) (end 6.5 0) (layer F.Fab) (width 0.1))
    (fp_circle (center 2.5 0) (end 6.62 0) (layer F.SilkS) (width 0.12))
    (fp_circle (center 2.5 0) (end 6.75 0) (layer F.CrtYd) (width 0.05))
    (fp_line (start -0.926759 -1.7475) (end -0.126759 -1.7475) (layer F.Fab) (width 0.1))
    (fp_line (start -0.526759 -2.1475) (end -0.526759 -1.3475) (layer F.Fab) (width 0.1))
    (fp_line (start 2.5 -4.08) (end 2.5 4.08) (layer F.SilkS) (width 0.12))
    (fp_line (start 2.54 -4.08) (end 2.54 4.08) (layer F.SilkS) (width 0.12))
    (fp_line (start 2.58 -4.08) (end 2.58 4.08) (layer F.SilkS) (width 0.12))
    (fp_line (start 2.62 -4.079) (end 2.62 4.079) (layer F.SilkS) (width 0.12))
    (fp_line (start 2.66 -4.077) (end 2.66 4.077) (layer F.SilkS) (width 0.12))
    (fp_line (start 2.7 -4.076) (end 2.7 4.076) (layer F.SilkS) (width 0.12))
    (fp_line (start 2.74 -4.074) (end 2.74 4.074) (layer F.SilkS) (width 0.12))
    (fp_line (start 2.78 -4.071) (end 2.78 4.071) (layer F.SilkS) (width 0.12))
    (fp_line (start 2.82 -4.068) (end 2.82 4.068) (layer F.SilkS) (width 0.12))
    (fp_line (start 2.86 -4.065) (end 2.86 4.065) (layer F.SilkS) (width 0.12))
    (fp_line (start 2.9 -4.061) (end 2.9 4.061) (layer F.SilkS) (width 0.12))
    (fp_line (start 2.94 -4.057) (end 2.94 4.057) (layer F.SilkS) (width 0.12))
    (fp_line (start 2.98 -4.052) (end 2.98 4.052) (layer F.SilkS) (width 0.12))
    (fp_line (start 3.02 -4.048) (end 3.02 4.048) (layer F.SilkS) (width 0.12))
    (fp_line (start 3.06 -4.042) (end 3.06 4.042) (layer F.SilkS) (width 0.12))
    (fp_line (start 3.1 -4.037) (end 3.1 4.037) (layer F.SilkS) (width 0.12))
    (fp_line (start 3.14 -4.03) (end 3.14 4.03) (layer F.SilkS) (width 0.12))
    (fp_line (start 3.18 -4.024) (end 3.18 4.024) (layer F.SilkS) (width 0.12))
    (fp_line (start 3.221 -4.017) (end 3.221 4.017) (layer F.SilkS) (width 0.12))
    (fp_line (start 3.261 -4.01) (end 3.261 4.01) (layer F.SilkS) (width 0.12))
    (fp_line (start 3.301 -4.002) (end 3.301 4.002) (layer F.SilkS) (width 0.12))
    (fp_line (start 3.341 -3.994) (end 3.341 3.994) (layer F.SilkS) (width 0.12))
    (fp_line (start 3.381 -3.985) (end 3.381 3.985) (layer F.SilkS) (width 0.12))
    (fp_line (start 3.421 -3.976) (end 3.421 3.976) (layer F.SilkS) (width 0.12))
    (fp_line (start 3.461 -3.967) (end 3.461 3.967) (layer F.SilkS) (width 0.12))
    (fp_line (start 3.501 -3.957) (end 3.501 3.957) (layer F.SilkS) (width 0.12))
    (fp_line (start 3.541 -3.947) (end 3.541 3.947) (layer F.SilkS) (width 0.12))
    (fp_line (start 3.581 -3.936) (end 3.581 3.936) (layer F.SilkS) (width 0.12))
    (fp_line (start 3.621 -3.925) (end 3.621 3.925) (layer F.SilkS) (width 0.12))
    (fp_line (start 3.661 -3.914) (end 3.661 3.914) (layer F.SilkS) (width 0.12))
    (fp_line (start 3.701 -3.902) (end 3.701 3.902) (layer F.SilkS) (width 0.12))
    (fp_line (start 3.741 -3.889) (end 3.741 3.889) (layer F.SilkS) (width 0.12))
    (fp_line (start 3.781 -3.877) (end 3.781 3.877) (layer F.SilkS) (width 0.12))
    (fp_line (start 3.821 -3.863) (end 3.821 3.863) (layer F.SilkS) (width 0.12))
    (fp_line (start 3.861 -3.85) (end 3.861 3.85) (layer F.SilkS) (width 0.12))
    (fp_line (start 3.901 -3.835) (end 3.901 3.835) (layer F.SilkS) (width 0.12))
    (fp_line (start 3.941 -3.821) (end 3.941 3.821) (layer F.SilkS) (width 0.12))
    (fp_line (start 3.981 -3.805) (end 3.981 -1.04) (layer F.SilkS) (width 0.12))
    (fp_line (start 3.981 1.04) (end 3.981 3.805) (layer F.SilkS) (width 0.12))
    (fp_line (start 4.021 -3.79) (end 4.021 -1.04) (layer F.SilkS) (width 0.12))
    (fp_line (start 4.021 1.04) (end 4.021 3.79) (layer F.SilkS) (width 0.12))
    (fp_line (start 4.061 -3.774) (end 4.061 -1.04) (layer F.SilkS) (width 0.12))
    (fp_line (start 4.061 1.04) (end 4.061 3.774) (layer F.SilkS) (width 0.12))
    (fp_line (start 4.101 -3.757) (end 4.101 -1.04) (layer F.SilkS) (width 0.12))
    (fp_line (start 4.101 1.04) (end 4.101 3.757) (layer F.SilkS) (width 0.12))
    (fp_line (start 4.141 -3.74) (end 4.141 -1.04) (layer F.SilkS) (width 0.12))
    (fp_line (start 4.141 1.04) (end 4.141 3.74) (layer F.SilkS) (width 0.12))
    (fp_line (start 4.181 -3.722) (end 4.181 -1.04) (layer F.SilkS) (width 0.12))
    (fp_line (start 4.181 1.04) (end 4.181 3.722) (layer F.SilkS) (width 0.12))
    (fp_line (start 4.221 -3.704) (end 4.221 -1.04) (layer F.SilkS) (width 0.12))
    (fp_line (start 4.221 1.04) (end 4.221 3.704) (layer F.SilkS) (width 0.12))
    (fp_line (start 4.261 -3.686) (end 4.261 -1.04) (layer F.SilkS) (width 0.12))
    (fp_line (start 4.261 1.04) (end 4.261 3.686) (layer F.SilkS) (width 0.12))
    (fp_line (start 4.301 -3.666) (end 4.301 -1.04) (layer F.SilkS) (width 0.12))
    (fp_line (start 4.301 1.04) (end 4.301 3.666) (layer F.SilkS) (width 0.12))
    (fp_line (start 4.341 -3.647) (end 4.341 -1.04) (layer F.SilkS) (width 0.12))
    (fp_line (start 4.341 1.04) (end 4.341 3.647) (layer F.SilkS) (width 0.12))
    (fp_line (start 4.381 -3.627) (end 4.381 -1.04) (layer F.SilkS) (width 0.12))
    (fp_line (start 4.381 1.04) (end 4.381 3.627) (layer F.SilkS) (width 0.12))
    (fp_line (start 4.421 -3.606) (end 4.421 -1.04) (layer F.SilkS) (width 0.12))
    (fp_line (start 4.421 1.04) (end 4.421 3.606) (layer F.SilkS) (width 0.12))
    (fp_line (start 4.461 -3.584) (end 4.461 -1.04) (layer F.SilkS) (width 0.12))
    (fp_line (start 4.461 1.04) (end 4.461 3.584) (layer F.SilkS) (width 0.12))
    (fp_line (start 4.501 -3.562) (end 4.501 -1.04) (layer F.SilkS) (width 0.12))
    (fp_line (start 4.501 1.04) (end 4.501 3.562) (layer F.SilkS) (width 0.12))
    (fp_line (start 4.541 -3.54) (end 4.541 -1.04) (layer F.SilkS) (width 0.12))
    (fp_line (start 4.541 1.04) (end 4.541 3.54) (layer F.SilkS) (width 0.12))
    (fp_line (start 4.581 -3.517) (end 4.581 -1.04) (layer F.SilkS) (width 0.12))
    (fp_line (start 4.581 1.04) (end 4.581 3.517) (layer F.SilkS) (width 0.12))
    (fp_line (start 4.621 -3.493) (end 4.621 -1.04) (layer F.SilkS) (width 0.12))
    (fp_line (start 4.621 1.04) (end 4.621 3.493) (layer F.SilkS) (width 0.12))
    (fp_line (start 4.661 -3.469) (end 4.661 -1.04) (layer F.SilkS) (width 0.12))
    (fp_line (start 4.661 1.04) (end 4.661 3.469) (layer F.SilkS) (width 0.12))
    (fp_line (start 4.701 -3.444) (end 4.701 -1.04) (layer F.SilkS) (width 0.12))
    (fp_line (start 4.701 1.04) (end 4.701 3.444) (layer F.SilkS) (width 0.12))
    (fp_line (start 4.741 -3.418) (end 4.741 -1.04) (layer F.SilkS) (width 0.12))
    (fp_line (start 4.741 1.04) (end 4.741 3.418) (layer F.SilkS) (width 0.12))
    (fp_line (start 4.781 -3.392) (end 4.781 -1.04) (layer F.SilkS) (width 0.12))
    (fp_line (start 4.781 1.04) (end 4.781 3.392) (layer F.SilkS) (width 0.12))
    (fp_line (start 4.821 -3.365) (end 4.821 -1.04) (layer F.SilkS) (width 0.12))
    (fp_line (start 4.821 1.04) (end 4.821 3.365) (layer F.SilkS) (width 0.12))
    (fp_line (start 4.861 -3.338) (end 4.861 -1.04) (layer F.SilkS) (width 0.12))
    (fp_line (start 4.861 1.04) (end 4.861 3.338) (layer F.SilkS) (width 0.12))
    (fp_line (start 4.901 -3.309) (end 4.901 -1.04) (layer F.SilkS) (width 0.12))
    (fp_line (start 4.901 1.04) (end 4.901 3.309) (layer F.SilkS) (width 0.12))
    (fp_line (start 4.941 -3.28) (end 4.941 -1.04) (layer F.SilkS) (width 0.12))
    (fp_line (start 4.941 1.04) (end 4.941 3.28) (layer F.SilkS) (width 0.12))
    (fp_line (start 4.981 -3.25) (end 4.981 -1.04) (layer F.SilkS) (width 0.12))
    (fp_line (start 4.981 1.04) (end 4.981 3.25) (layer F.SilkS) (width 0.12))
    (fp_line (start 5.021 -3.22) (end 5.021 -1.04) (layer F.SilkS) (width 0.12))
    (fp_line (start 5.021 1.04) (end 5.021 3.22) (layer F.SilkS) (width 0.12))
    (fp_line (start 5.061 -3.189) (end 5.061 -1.04) (layer F.SilkS) (width 0.12))
    (fp_line (start 5.061 1.04) (end 5.061 3.189) (layer F.SilkS) (width 0.12))
    (fp_line (start 5.101 -3.156) (end 5.101 -1.04) (layer F.SilkS) (width 0.12))
    (fp_line (start 5.101 1.04) (end 5.101 3.156) (layer F.SilkS) (width 0.12))
    (fp_line (start 5.141 -3.124) (end 5.141 -1.04) (layer F.SilkS) (width 0.12))
    (fp_line (start 5.141 1.04) (end 5.141 3.124) (layer F.SilkS) (width 0.12))
    (fp_line (start 5.181 -3.09) (end 5.181 -1.04) (layer F.SilkS) (width 0.12))
    (fp_line (start 5.181 1.04) (end 5.181 3.09) (layer F.SilkS) (width 0.12))
    (fp_line (start 5.221 -3.055) (end 5.221 -1.04) (layer F.SilkS) (width 0.12))
    (fp_line (start 5.221 1.04) (end 5.221 3.055) (layer F.SilkS) (width 0.12))
    (fp_line (start 5.261 -3.019) (end 5.261 -1.04) (layer F.SilkS) (width 0.12))
    (fp_line (start 5.261 1.04) (end 5.261 3.019) (layer F.SilkS) (width 0.12))
    (fp_line (start 5.301 -2.983) (end 5.301 -1.04) (layer F.SilkS) (width 0.12))
    (fp_line (start 5.301 1.04) (end 5.301 2.983) (layer F.SilkS) (width 0.12))
    (fp_line (start 5.341 -2.945) (end 5.341 -1.04) (layer F.SilkS) (width 0.12))
    (fp_line (start 5.341 1.04) (end 5.341 2.945) (layer F.SilkS) (width 0.12))
    (fp_line (start 5.381 -2.907) (end 5.381 -1.04) (layer F.SilkS) (width 0.12))
    (fp_line (start 5.381 1.04) (end 5.381 2.907) (layer F.SilkS) (width 0.12))
    (fp_line (start 5.421 -2.867) (end 5.421 -1.04) (layer F.SilkS) (width 0.12))
    (fp_line (start 5.421 1.04) (end 5.421 2.867) (layer F.SilkS) (width 0.12))
    (fp_line (start 5.461 -2.826) (end 5.461 -1.04) (layer F.SilkS) (width 0.12))
    (fp_line (start 5.461 1.04) (end 5.461 2.826) (layer F.SilkS) (width 0.12))
    (fp_line (start 5.501 -2.784) (end 5.501 -1.04) (layer F.SilkS) (width 0.12))
    (fp_line (start 5.501 1.04) (end 5.501 2.784) (layer F.SilkS) (width 0.12))
    (fp_line (start 5.541 -2.741) (end 5.541 -1.04) (layer F.SilkS) (width 0.12))
    (fp_line (start 5.541 1.04) (end 5.541 2.741) (layer F.SilkS) (width 0.12))
    (fp_line (start 5.581 -2.697) (end 5.581 -1.04) (layer F.SilkS) (width 0.12))
    (fp_line (start 5.581 1.04) (end 5.581 2.697) (layer F.SilkS) (width 0.12))
    (fp_line (start 5.621 -2.651) (end 5.621 -1.04) (layer F.SilkS) (width 0.12))
    (fp_line (start 5.621 1.04) (end 5.621 2.651) (layer F.SilkS) (width 0.12))
    (fp_line (start 5.661 -2.604) (end 5.661 -1.04) (layer F.SilkS) (width 0.12))
    (fp_line (start 5.661 1.04) (end 5.661 2.604) (layer F.SilkS) (width 0.12))
    (fp_line (start 5.701 -2.556) (end 5.701 -1.04) (layer F.SilkS) (width 0.12))
    (fp_line (start 5.701 1.04) (end 5.701 2.556) (layer F.SilkS) (width 0.12))
    (fp_line (start 5.741 -2.505) (end 5.741 -1.04) (layer F.SilkS) (width 0.12))
    (fp_line (start 5.741 1.04) (end 5.741 2.505) (layer F.SilkS) (width 0.12))
    (fp_line (start 5.781 -2.454) (end 5.781 -1.04) (layer F.SilkS) (width 0.12))
    (fp_line (start 5.781 1.04) (end 5.781 2.454) (layer F.SilkS) (width 0.12))
    (fp_line (start 5.821 -2.4) (end 5.821 -1.04) (layer F.SilkS) (width 0.12))
    (fp_line (start 5.821 1.04) (end 5.821 2.4) (layer F.SilkS) (width 0.12))
    (fp_line (start 5.861 -2.345) (end 5.861 -1.04) (layer F.SilkS) (width 0.12))
    (fp_line (start 5.861 1.04) (end 5.861 2.345) (layer F.SilkS) (width 0.12))
    (fp_line (start 5.901 -2.287) (end 5.901 -1.04) (layer F.SilkS) (width 0.12))
    (fp_line (start 5.901 1.04) (end 5.901 2.287) (layer F.SilkS) (width 0.12))
    (fp_line (start 5.941 -2.228) (end 5.941 -1.04) (layer F.SilkS) (width 0.12))
    (fp_line (start 5.941 1.04) (end 5.941 2.228) (layer F.SilkS) (width 0.12))
    (fp_line (start 5.981 -2.166) (end 5.981 -1.04) (layer F.SilkS) (width 0.12))
    (fp_line (start 5.981 1.04) (end 5.981 2.166) (layer F.SilkS) (width 0.12))
    (fp_line (start 6.021 -2.102) (end 6.021 -1.04) (layer F.SilkS) (width 0.12))
    (fp_line (start 6.021 1.04) (end 6.021 2.102) (layer F.SilkS) (width 0.12))
    (fp_line (start 6.061 -2.034) (end 6.061 2.034) (layer F.SilkS) (width 0.12))
    (fp_line (start 6.101 -1.964) (end 6.101 1.964) (layer F.SilkS) (width 0.12))
    (fp_line (start 6.141 -1.89) (end 6.141 1.89) (layer F.SilkS) (width 0.12))
    (fp_line (start 6.181 -1.813) (end 6.181 1.813) (layer F.SilkS) (width 0.12))
    (fp_line (start 6.221 -1.731) (end 6.221 1.731) (layer F.SilkS) (width 0.12))
    (fp_line (start 6.261 -1.645) (end 6.261 1.645) (layer F.SilkS) (width 0.12))
    (fp_line (start 6.301 -1.552) (end 6.301 1.552) (layer F.SilkS) (width 0.12))
    (fp_line (start 6.341 -1.453) (end 6.341 1.453) (layer F.SilkS) (width 0.12))
    (fp_line (start 6.381 -1.346) (end 6.381 1.346) (layer F.SilkS) (width 0.12))
    (fp_line (start 6.421 -1.229) (end 6.421 1.229) (layer F.SilkS) (width 0.12))
    (fp_line (start 6.461 -1.098) (end 6.461 1.098) (layer F.SilkS) (width 0.12))
    (fp_line (start 6.501 -0.948) (end 6.501 0.948) (layer F.SilkS) (width 0.12))
    (fp_line (start 6.541 -0.768) (end 6.541 0.768) (layer F.SilkS) (width 0.12))
    (fp_line (start 6.581 -0.533) (end 6.581 0.533) (layer F.SilkS) (width 0.12))
    (fp_line (start -1.909698 -2.315) (end -1.109698 -2.315) (layer F.SilkS) (width 0.12))
    (fp_line (start -1.509698 -2.715) (end -1.509698 -1.915) (layer F.SilkS) (width 0.12))
    (fp_text user %R (at 2.5 0 90) (layer F.Fab)
      (effects (font (size 1 1) (thickness 0.15)))
    )
    (pad 2 thru_hole circle (at 5 0 270) (size 1.6 1.6) (drill 0.8) (layers *.Cu *.Mask)
      (net 1 GND))
    (pad 1 thru_hole rect (at 0 0 270) (size 1.6 1.6) (drill 0.8) (layers *.Cu *.Mask)
      (net 5 +3V3))
    (model ${KISYS3DMOD}/Capacitor_THT.3dshapes/CP_Radial_D8.0mm_P5.00mm.wrl
      (at (xyz 0 0 0))
      (scale (xyz 1 1 1))
      (rotate (xyz 0 0 0))
    )
  )

  (module Capacitor_THT:CP_Radial_D8.0mm_P5.00mm (layer F.Cu) (tedit 5AE50EF0) (tstamp 5FE5D765)
    (at 209.804 107.696 180)
    (descr "CP, Radial series, Radial, pin pitch=5.00mm, , diameter=8mm, Electrolytic Capacitor")
    (tags "CP Radial series Radial pin pitch 5.00mm  diameter 8mm Electrolytic Capacitor")
    (path /5FE466DC)
    (fp_text reference C13 (at 2.5 -5.25) (layer F.SilkS)
      (effects (font (size 1 1) (thickness 0.15)))
    )
    (fp_text value 10u (at 2.5 5.25) (layer F.Fab)
      (effects (font (size 1 1) (thickness 0.15)))
    )
    (fp_circle (center 2.5 0) (end 6.5 0) (layer F.Fab) (width 0.1))
    (fp_circle (center 2.5 0) (end 6.62 0) (layer F.SilkS) (width 0.12))
    (fp_circle (center 2.5 0) (end 6.75 0) (layer F.CrtYd) (width 0.05))
    (fp_line (start -0.926759 -1.7475) (end -0.126759 -1.7475) (layer F.Fab) (width 0.1))
    (fp_line (start -0.526759 -2.1475) (end -0.526759 -1.3475) (layer F.Fab) (width 0.1))
    (fp_line (start 2.5 -4.08) (end 2.5 4.08) (layer F.SilkS) (width 0.12))
    (fp_line (start 2.54 -4.08) (end 2.54 4.08) (layer F.SilkS) (width 0.12))
    (fp_line (start 2.58 -4.08) (end 2.58 4.08) (layer F.SilkS) (width 0.12))
    (fp_line (start 2.62 -4.079) (end 2.62 4.079) (layer F.SilkS) (width 0.12))
    (fp_line (start 2.66 -4.077) (end 2.66 4.077) (layer F.SilkS) (width 0.12))
    (fp_line (start 2.7 -4.076) (end 2.7 4.076) (layer F.SilkS) (width 0.12))
    (fp_line (start 2.74 -4.074) (end 2.74 4.074) (layer F.SilkS) (width 0.12))
    (fp_line (start 2.78 -4.071) (end 2.78 4.071) (layer F.SilkS) (width 0.12))
    (fp_line (start 2.82 -4.068) (end 2.82 4.068) (layer F.SilkS) (width 0.12))
    (fp_line (start 2.86 -4.065) (end 2.86 4.065) (layer F.SilkS) (width 0.12))
    (fp_line (start 2.9 -4.061) (end 2.9 4.061) (layer F.SilkS) (width 0.12))
    (fp_line (start 2.94 -4.057) (end 2.94 4.057) (layer F.SilkS) (width 0.12))
    (fp_line (start 2.98 -4.052) (end 2.98 4.052) (layer F.SilkS) (width 0.12))
    (fp_line (start 3.02 -4.048) (end 3.02 4.048) (layer F.SilkS) (width 0.12))
    (fp_line (start 3.06 -4.042) (end 3.06 4.042) (layer F.SilkS) (width 0.12))
    (fp_line (start 3.1 -4.037) (end 3.1 4.037) (layer F.SilkS) (width 0.12))
    (fp_line (start 3.14 -4.03) (end 3.14 4.03) (layer F.SilkS) (width 0.12))
    (fp_line (start 3.18 -4.024) (end 3.18 4.024) (layer F.SilkS) (width 0.12))
    (fp_line (start 3.221 -4.017) (end 3.221 4.017) (layer F.SilkS) (width 0.12))
    (fp_line (start 3.261 -4.01) (end 3.261 4.01) (layer F.SilkS) (width 0.12))
    (fp_line (start 3.301 -4.002) (end 3.301 4.002) (layer F.SilkS) (width 0.12))
